0 0
0.1 0.0309017
0.2 0.117557
0.3 0.242705
0.4 0.380423
0.5 0.5
0.6 0.570634
0.7 0.566312
0.8 0.470228
0.9 0.278115
1 5.66554e-16

0 0.1
0.1 0.0983709
0.2 0.194369
0.3 0.328776
0.4 0.476155
0.5 0.606382
0.6 0.689264
0.7 0.699342
0.8 0.620225
0.9 0.447865
1 0

0 0.2
0.1 0.190247
0.2 0.280783
0.3 0.41809
0.4 0.5676
0.5 0.700928
0.6 0.789694
0.7 0.810073
0.8 0.74691
0.9 0.548738
1 0

0 0.3
0.1 0.307195
0.2 0.37889
0.3 0.510455
0.4 0.654999
0.5 0.784333
0.6 0.873026
0.7 0.899919
0.8 0.839844
0.9 0.56197
1 0

0 0.4
0.1 0.440268
0.2 0.491964
0.3 0.606064
0.4 0.738596
0.5 0.857578
0.6 0.940909
0.7 0.968023
0.8 0.878327
0.9 0.504178
1 0

0 0.5
0.1 0.576198
0.2 0.62064
0.3 0.706281
0.4 0.818805
0.5 0.92191
0.6 0.994737
0.7 1.00692
0.8 0.845698
0.9 0.413878
1 0

0 0.6
0.1 0.704189
0.2 0.759615
0.3 0.813219
0.4 0.89666
0.5 0.978673
0.6 1.03341
0.7 1.00247
0.8 0.745419
0.9 0.328064
1 0

0 0.7
0.1 0.819989
0.2 0.898135
0.3 0.927616
0.4 0.974158
0.5 1.02862
0.6 1.05066
0.7 0.941491
0.8 0.605066
0.9 0.264573
1 0

0 0.8
0.1 0.925329
0.2 1.02449
0.3 1.04628
0.4 1.05363
0.5 1.07045
0.6 1.03511
0.7 0.823694
0.8 0.463695
0.9 0.220061
1 0

0 0.9
0.1 1.02413
0.2 1.1315
0.3 1.16133
0.4 1.13548
0.5 1.09925
0.6 0.97554
0.7 0.668751
0.8 0.351416
0.9 0.181443
1 0

0 1
0.1 1.11874
0.2 1.21913
0.3 1.26246
0.4 1.21473
0.5 1.10618
0.6 0.870204
0.7 0.511172
0.8 0.275977
0.9 0.139957
1 0

